13
1.5 -12.3 3.2 -5.5 23.2 3.2 -1.4 -12.2 34.2 5.4 -7.8 1.1 -4.9

13
1.5 -12.3 3.2 -5.5 23.2 3.2 -1.4 -62.2 44.2 5.4 -7.8 1.1 -4.9

100
6341 5743 23937 8777 14184 31063 27802 28878 28326 10352 
10511 1390 23824 14750 15495 24894 17710 21457 9858 26839
4108 14204 29428 20581 22773 11081 17458 3579 26239 8459
13330 17962 13512 9971 20558 26321 29950 30984 13866 25654 
9765 18129 4439 19542 11028 340 534 9338 449 17733
11937 17675 32703 13687 966 10151 14341 22934 26837 23412
28145 21784 27324 5045 14733 2673 8817 1179 16656 32390
23184 605 11176 4197 14406 5771 12662 22835 27501 32671 
27866 18533 10744 20181 20722 20532 31378 6204 26973 13898
4738 26893 18245 23746 19154 30780 16284 5967 28848 17742

100
2544.2 1128.6 -3065.5 594.1 -799.9 469.3 -1054.0 1453.1 2709.2 2171.8 
-2839.4 2238.8 -2128.9 2683.9 -3001.0 -3035.3 -559.2 2529.4 -849.8 1455.4 
-1012.9 -278.7 -1874.6 2380.7 655.0 -1675.3 -1576.0 260.0 1875.1 -1319.2
838.9 2775.7 2469.5 2442.9 -415.8 854.2 -978.8 2690.4 -734.7 2982.0
-797.1 1605.4 478.7 2758.2 3221.0 -336.5 -489.4 -923.0 2547.7 -114.7 
3165.8 3220.2 2881.0 -2777.5 -803.1 -646.7 -941.3 -234.9 -2025.1 -902.5 
-414.0 -2027.8 1281.4 -2905.3 -2132.3 2675.0 2822.3 -2845.3 2860.9 -220.5
845.4 2287.5 2681.7 -444.7 1012.7 1938.2 -1320.3 186.0 1417.3 736.0
-3073.7 -2201.6 1811.7 267.9 849.0 -2585.2 -1777.5 1402.8 1571.4 -3169.9
943.3 -2973.5 -1211.2 3042.2 -1249.9 2505.7 1180.7 1933.6 1434.0 2272.8

100
-126.4 72.5 -79.2 120.9 -118.5 -19.4 131.9 -15.2 -76.0 -49.3 
40.2 48.0 71.9 -125.0 137.5 107.9 88.4 19.2 74.0 104.7       
13.8 -143.4 78.2 -93.9 74.2 -75.9 12.5 75.8 30.7 -65.9       
-48.6 -7.7 -30.3 15.6 -110.4 95.1 -87.6 114.2 107.9 -5.2     
-56.0 -136.7 -52.4 -85.1 -40.6 -138.8 107.5 -57.1 1.0 69.0    
-115.6 128.3 -116.8 -99.0 -141.9 -31.3 95.8 -43.7 32.8 -124.7 
66.9 -8.5 -91.1 -103.3 26.8 84.2 122.5 -16.1 -2.9 88.9        
65.7 13.2 66.3 120.9 -75.9 19.4 -126.6 -139.7 -99.3 -16.1    
79.8 -119.6 -90.1 -63.4 130.8 -14.5 -49.7 -31.5 -38.7 87.5   
86.7 -51.5 -111.6 -142.9 -49.7 52.1 -77.5 -131.1 -121.9 59.8